0 0 0 0 0 0 0 0 0 0 0 0 0 0 0 0 
0 0 0 0 0 0 0 0 0 0 0 0 0 0 0 0 
0 0 0 0 0 0 0 0 0 0 0 0 0 0 0 0 
0 0 0 0 0 0 0 0 0 0 0 0 0 0 0 0 
0 0 0 0 a0 a1 a2 a3 a4 a5 a6 0 0 0 0 0 
0 0 0 0 a7 a8 a9 a10 a11 a12 a13 0 0 0 0 0 
0 0 0 0 a14 a15 a16 a17 a18 a19 a20 0 0 0 0 0 
0 0 0 0 a21 a22 a23 a24 a25 a26 a27 0 0 0 0 0 
0 0 0 0 a28 a29 a30 a31 a32 a33 a34 0 0 0 0 0 
0 0 0 0 a35 a36 a37 a38 a39 a40 a41 0 0 0 0 0 
0 0 0 0 a42 a43 a44 a45 a46 a47 a48 0 0 0 0 0 
0 0 0 0 0 0 0 0 0 0 0 0 0 0 0 0 
0 0 0 0 0 0 0 0 0 0 0 0 0 0 0 0 
0 0 0 0 0 0 0 0 0 0 0 0 0 0 0 0 
0 0 0 0 0 0 0 0 0 0 0 0 0 0 0 0 
0 0 0 0 0 0 0 0 0 0 0 0 0 0 0 0 

0 0 0 0 0 0 0 0 0 0 0 0 0 0 0 0 
0 0 0 0 0 0 0 0 0 0 0 0 0 0 0 0 
0 0 0 0 0 0 0 0 0 0 0 0 0 0 0 0 
0 0 0 0 0 0 0 0 0 0 0 0 0 0 0 0 
0 0 0 0 * * * * * * * * 0 0 0 0 
0 0 0 0 * * * * * * * * 0 0 0 0 
0 0 0 0 * * * * * * * * 0 0 0 0 
0 0 0 0 * * * * * * * * 0 0 0 0 
0 0 0 0 * * * * * * * * 0 0 0 0 
0 0 0 0 * * * * * * * * 0 0 0 0 
0 0 0 0 * * * * * * * * 0 0 0 0 
0 0 0 0 * * * * * * * * 0 0 0 0 
0 0 0 0 0 0 0 0 0 0 0 0 0 0 0 0 
0 0 0 0 0 0 0 0 0 0 0 0 0 0 0 0 
0 0 0 0 0 0 0 0 0 0 0 0 0 0 0 0 
0 0 0 0 0 0 0 0 0 0 0 0 0 0 0 0 

0 0 0 0 0 0 0 0 0 0 0 0 0 0 0 0 
0 0 0 0 0 0 0 0 0 0 0 0 0 0 0 0 
0 0 0 0 0 0 0 0 0 0 0 0 0 0 0 0 
0 0 0 0 0 0 0 0 0 0 0 0 0 0 0 0 
0 0 0 0 * * * * * * * * 0 0 0 0 
0 0 0 0 * * * * * * * * 0 0 0 0 
0 0 0 0 * * * * * * * * 0 0 0 0 
0 0 0 0 * * * * * * * * 0 0 0 0 
0 0 0 0 * * * * * * * * 0 0 0 0 
0 0 0 0 * * * * * * * * 0 0 0 0 
0 0 0 0 * * * * * * * * 0 0 0 0 
0 0 0 0 * * * * * * * * 0 0 0 0 
0 0 0 0 0 0 0 0 0 0 0 0 0 0 0 0 
0 0 0 0 0 0 0 0 0 0 0 0 0 0 0 0 
0 0 0 0 0 0 0 0 0 0 0 0 0 0 0 0 
0 0 0 0 0 0 0 0 0 0 0 0 0 0 0 0 

0 0 0 0 0 0 0 0 0 0 0 0 0 0 0 0 
0 0 0 0 0 0 0 0 0 0 0 0 0 0 0 0 
0 0 0 0 0 0 0 0 0 0 0 0 0 0 0 0 
0 0 0 0 0 0 0 0 0 0 0 0 0 0 0 0 
0 0 0 0 * * * * * * * * 0 0 0 0 
0 0 0 0 * * * * * * * * 0 0 0 0 
0 0 0 0 * * * * * * * * 0 0 0 0 
0 0 0 0 * * * * * * * * 0 0 0 0 
0 0 0 0 * * * * * * * * 0 0 0 0 
0 0 0 0 * * * * * * * * 0 0 0 0 
0 0 0 0 * * * * * * * * 0 0 0 0 
0 0 0 0 * * * * * * * * 0 0 0 0 
0 0 0 0 0 0 0 0 0 0 0 0 0 0 0 0 
0 0 0 0 0 0 0 0 0 0 0 0 0 0 0 0 
0 0 0 0 0 0 0 0 0 0 0 0 0 0 0 0 
0 0 0 0 0 0 0 0 0 0 0 0 0 0 0 0 

0 0 0 0 0 0 0 0 0 0 0 0 0 0 0 0 
0 0 0 0 0 0 0 0 0 0 0 0 0 0 0 0 
0 0 0 0 0 0 0 0 0 0 0 0 0 0 0 0 
0 0 0 0 0 0 0 0 0 0 0 0 0 0 0 0 
0 0 0 0 * * * * * * * * 0 0 0 0 
0 0 0 0 * * * * * * * * 0 0 0 0 
0 0 0 0 * * * * * * * * 0 0 0 0 
0 0 0 0 * * * * * * * * 0 0 0 0 
0 0 0 0 * * * * * * * * 0 0 0 0 
0 0 0 0 * * * * * * * * 0 0 0 0 
0 0 0 0 * * * * * * * * 0 0 0 0 
0 0 0 0 * * * * * * * * 0 0 0 0 
0 0 0 0 0 0 0 0 0 0 0 0 0 0 0 0 
0 0 0 0 0 0 0 0 0 0 0 0 0 0 0 0 
0 0 0 0 0 0 0 0 0 0 0 0 0 0 0 0 
0 0 0 0 0 0 0 0 0 0 0 0 0 0 0 0 

0 0 0 0 0 0 0 0 0 0 0 0 0 0 0 0 
0 0 0 0 0 0 0 0 0 0 0 0 0 0 0 0 
0 0 0 0 0 0 0 0 0 0 0 0 0 0 0 0 
0 0 0 0 0 0 0 0 0 0 0 0 0 0 0 0 
0 0 0 0 0 0 0 0 0 0 0 0 0 0 0 0 
0 0 0 0 0 a0 a1 a2 a3 a4 a5 a6 0 0 0 0 
0 0 0 0 0 a7 a8 a9 a10 a11 a12 a13 0 0 0 0 
0 0 0 0 0 a14 a15 a16 a17 a18 a19 a20 0 0 0 0 
0 0 0 0 0 a21 a22 a23 a24 a25 a26 a27 0 0 0 0 
0 0 0 0 0 a28 a29 a30 a31 a32 a33 a34 0 0 0 0 
0 0 0 0 0 a35 a36 a37 a38 a39 a40 a41 0 0 0 0 
0 0 0 0 0 a42 a43 a44 a45 a46 a47 a48 0 0 0 0 
0 0 0 0 0 0 0 0 0 0 0 0 0 0 0 0 
0 0 0 0 0 0 0 0 0 0 0 0 0 0 0 0 
0 0 0 0 0 0 0 0 0 0 0 0 0 0 0 0 
0 0 0 0 0 0 0 0 0 0 0 0 0 0 0 0 

